   2.01121420455636     
 -0.867517941285275     
 -0.350620699684683     
   1.40128071498507     
   1.70152653447672     
  -2.41399586830053     
 -0.804242496693501     
   1.32318703135207     
  -2.36468678189763     
 -0.130383439033174     
  0.625318755289349     
 -8.675752676055248E-002
  6.814561308922484E-002
 -3.634967569699100E-002
  -1.54651542978372     
  0.686085741151260     
  -4.81669315946292     
 -0.238340408105743     
  0.152946399129944     
  -1.29910779414896     
 -0.109417183196277     
  0.291053541041712     
 -0.361134311786900     
  0.135752740895481     
  -3.28092881090296     
  5.218119569912100E-002
  -1.53300959302925     
  0.957200336608894     
  0.729693706398181     
   2.99922900183339     
 -0.101514460468990     
   1.70445843160573     
 -6.355014443985207E-002
  -1.01097159206087     
  0.654463989944882     
 -0.490375373406794     
  -3.84851754600995     
   5.62015185062828     
  -1.35530040118974     
   6.09205766800659     
   2.17805605298403     
  0.207794727331329     
  -5.15395866112530     
  4.851330894182867E-002
  0.140192803836298     
 -0.887139655853770     
  -5.58151200503788     
 -0.159179576200688     
   1.92332049839250     
  -1.92567779126854     
   2.95126295763540     
  0.527177407979443     
   2.77975453734320     
  -2.74005101287183     
 -0.360837879766561     
  -3.77400626287791     
   1.18812589839573     
 -0.200288023523562     
  0.349569191113400     
 -0.125918604082113     
   3.48882357950429     
  0.190235403934825     
 -0.532857564257857     
   1.19235838654220     
 -4.463434140787559E-002
   7.02437096780433     
  0.991735090669661     
   1.03214971003480     
  -1.33273386163042     
  -1.20204070189669     
  -2.58200390457628     
   1.09940198070738     
 -0.361945381598031     
   3.20814599987720     
 -6.868065553859903E-002
  0.601901392284649     
   1.12862589823917     
 -0.131929626231736     
   3.00185249254451     
  -1.49314585784683     
   1.14148168137070     
 -0.890601502850696     
  0.208004888905177     
 -0.465040051625015     
  -2.34402744422336     
 -0.853279008138171     
 -7.670020372399122E-002
  1.919224950469477E-002
  -1.09606636709931     
  -3.75627162026368     
 -0.214949438516704     
  0.253032515959039     
   5.19574985977042     
   1.56403828645186     
   1.29581195096175     
   3.42556198499018     
  -2.91777941673435     
  -1.14723092241548     
   3.08403781039541     
 -0.217394819581392     
 -0.168322521412347     
 -0.330626375362157     
 -0.680497755868417     
  -3.28264180149881     
  -2.08318154863794     
 -4.899905523818693E-003
  -2.18093022031098     
  0.209520456352414     
  -2.40492609297658     
  -3.61000330843507     
   2.54681144657154     
  -1.79147980898959     
  0.178643391550668     
 -0.711187435190749     
 -0.931736929844775     
  -1.49517760859864     
 -0.319608009783497     
  0.942701417516089     
   1.41646522523688     
  0.229663710845773     
 -0.299095438639284     
   1.24758853031601     
  -1.18045232454223     
  -1.03935077929363     
  -1.14721670831358     
   1.17965321917694     
   1.82414079515478     
   1.92099530492642     
   1.82301191713885     
  0.146704825461824     
 -0.509832298475729     
   2.48294460219697     
  0.194075578069848     
   4.67098001913949     
  -5.94939948819353     
  -2.49211932090722     
 -0.172346772378894     
  0.381893609952085     
  -1.21530695692572     
   1.75565298230322     
  0.470882845267141     
   1.37465062266120     
 -0.702103187200489     
 -8.132588372280458E-002
   1.50156962355598     
   1.07622420598887     
  0.688318116942602     
 -0.316462226772253     
 -1.837678641524554E-002
  -1.13440825489640     
  -4.95147778594436     
  0.254914431699119     
  0.337311142230888     
 -0.259663577700298     
  0.552297296464595     
   1.13614285443290     
 -0.683923849258890     
  0.794732006030572     
  -1.51753948540109     
  -2.75780148421366     
 -9.564879902628287E-002
  -1.80030735059617     
 -0.310027534492886     
  0.314331271813898     
 -0.603667628003943     
  -1.05149399753518     
  0.634356636718848     
  -2.04557258536162     
 -0.517421907186276     
  0.568169981646407     
 -0.307308127686682     
   2.04065379964015     
   4.61090178859938     
   4.60125752012590     
  -1.51844352773030     
   4.87053381245813     
  -2.65739733523955     
  -1.51843349457680     
 -0.153721706588144     
  0.615138489265576     
  0.903525507840079     
  -1.44610572689946     
  -3.47296272704693     
 -0.261628906451711     
   2.10250777203457     
  0.590277839040938     
 -0.945899414871022     
   1.38626687572505     
   1.20238965375822     
   1.99690199710040     
 -0.725756142436054     
   1.09227875560857     
  7.350353807145854E-002
  0.577908946043943     
 -0.323614859042753     
 -0.145708304500787     
  -1.25895962231300     
   1.55544769313017     
  -3.04183010627150     
  0.903317030871684     
