Energy correction (hartree):    -0.00010827
Gradient correction (hartree/bohr):
     0.00001888
    -0.00002584
    -0.00007931
     0.00009778
    -0.00026061
     0.00010651
     0.00033401
     0.00021897
    -0.00003942
    -0.00004083
     0.00007781
     0.00000652
    -0.00018697
     0.00045180
     0.00000244
     0.00000296
     0.00001093
     0.00004368
    -0.00047664
    -0.00017815
    -0.00001849
     0.00001513
    -0.00005145
     0.00001793
    -0.00019657
     0.00023553
    -0.00002423
    -0.00017477
    -0.00040207
     0.00002310
     0.00025049
    -0.00034055
    -0.00006153
     0.00035653
     0.00026363
     0.00002279
