   2.01121420456200     
 -0.867517941278365     
 -0.350620699686334     
   1.40128071498869     
   1.70152653447048     
  -2.41399586830527     
 -0.804242496696015     
   1.32318703135522     
  -2.36468678189846     
 -0.130383439033038     
  0.625318755289373     
 -8.675752676061482E-002
  6.814561308920908E-002
 -3.634967569698974E-002
  -1.54651542978386     
  0.686085741142868     
  -4.81669315945982     
 -0.238340408105693     
  0.152946399134468     
  -1.29910779415159     
 -0.109417183199298     
  0.291053541039762     
 -0.361134311785634     
  0.135752740894157     
  -3.28092881091648     
  5.218119569909180E-002
  -1.53300959303185     
  0.957200336604940     
  0.729693706390647     
   2.99922900182160     
 -0.101514460473199     
   1.70445843160292     
 -6.355014443443441E-002
  -1.01097159206587     
  0.654463989944742     
 -0.490375373402025     
  -3.84851754600414     
   5.62015185062451     
  -1.35530040119630     
   6.09205766800687     
   2.17805605298600     
  0.207794727327212     
  -5.15395866112564     
  4.851330894103568E-002
  0.140192803835491     
 -0.887139655853949     
  -5.58151200503781     
 -0.159179576199928     
   1.92332049838798     
  -1.92567779127120     
   2.95126295764008     
  0.527177407981069     
   2.77975453734388     
  -2.74005101286814     
 -0.360837879764325     
  -3.77400626287282     
   1.18812589840552     
 -0.200288023521295     
  0.349569191119028     
 -0.125918604081938     
   3.48882357949243     
  0.190235403933915     
 -0.532857564259980     
   1.19235838654217     
 -4.463434141196276E-002
   7.02437096780637     
  0.991735090669913     
   1.03214971004671     
  -1.33273386162962     
  -1.20204070189229     
  -2.58200390457422     
   1.09940198071027     
 -0.361945381593085     
   3.20814599987538     
 -6.868065553774172E-002
  0.601901392284373     
   1.12862589824215     
 -0.131929626232512     
   3.00185249254750     
  -1.49314585784534     
   1.14148168137261     
 -0.890601502853181     
  0.208004888901846     
 -0.465040051627453     
  -2.34402744423005     
 -0.853279008138113     
 -7.670020372289538E-002
  1.919224950572083E-002
  -1.09606636709728     
  -3.75627162025638     
 -0.214949438517416     
  0.253032515957261     
   5.19574985976893     
   1.56403828645785     
   1.29581195096295     
   3.42556198498628     
  -2.91777941673449     
  -1.14723092241661     
   3.08403781039566     
 -0.217394819581450     
 -0.168322521412352     
 -0.330626375368011     
 -0.680497755860631     
  -3.28264180150177     
  -2.08318154863839     
 -4.899905527093518E-003
  -2.18093022030394     
  0.209520456349767     
  -2.40492609297624     
  -3.61000330843527     
   2.54681144656718     
  -1.79147980898854     
  0.178643391554512     
 -0.711187435188548     
 -0.931736929842702     
  -1.49517760859585     
 -0.319608009769138     
  0.942701417518392     
   1.41646522523694     
  0.229663710849208     
 -0.299095438643763     
   1.24758853033058     
  -1.18045232455374     
  -1.03935077929353     
  -1.14721670832417     
   1.17965321917698     
   1.82414079515889     
   1.92099530492349     
   1.82301191713856     
  0.146704825461809     
 -0.509832298475534     
   2.48294460219695     
  0.194075578069895     
   4.67098001913855     
  -5.94939948818753     
  -2.49211932090739     
 -0.172346772378994     
  0.381893609951031     
  -1.21530695692619     
   1.75565298230350     
  0.470882845265173     
   1.37465062266087     
 -0.702103187202305     
 -8.132588372094790E-002
   1.50156962355584     
   1.07622420599086     
  0.688318116942824     
 -0.316462226768550     
 -1.837678641518936E-002
  -1.13440825489470     
  -4.95147778594438     
  0.254914431699058     
  0.337311142230646     
 -0.259663577700167     
  0.552297296464529     
   1.13614285443317     
 -0.683923849262448     
  0.794732006028712     
  -1.51753948540075     
  -2.75780148420446     
 -9.564879902283918E-002
  -1.80030735061161     
 -0.310027534490501     
  0.314331271813519     
 -0.603667628006005     
  -1.05149399753522     
  0.634356636713931     
  -2.04557258536132     
 -0.517421907185836     
  0.568169981646766     
 -0.307308127686583     
   2.04065379964077     
   4.61090178859999     
   4.60125752012497     
  -1.51844352773085     
   4.87053381246825     
  -2.65739733523799     
  -1.51843349457784     
 -0.153721706587972     
  0.615138489265920     
  0.903525507840264     
  -1.44610572689929     
  -3.47296272704718     
 -0.261628906452531     
   2.10250777203480     
  0.590277839041075     
 -0.945899414871418     
   1.38626687571828     
   1.20238965376724     
   1.99690199710079     
 -0.725756142436270     
   1.09227875560858     
  7.350353807552371E-002
  0.577908946043757     
 -0.323614859042731     
 -0.145708304500806     
  -1.25895962231284     
   1.55544769312968     
  -3.04183010627738     
  0.903317030871542     
